Z	J0(1S)	N	E	J0(2S)	N	E	J0(2P)	N	E	J0(3S)	N	E	Jo(3P)	N	E	J0(3D)	N	E	J0(4S)	N	E
1	0.849	1	13.6																		
2	0.535	2	24.59																		
3	0.329	2	58	1.94	1	5.392															
4	0.237	2	115	1.34	2	9.322															
5	0.186	2	192	1	2	12.93	0.615	1	8.298												
6	0.153	2	288	0.804	2	16.59	0.488	2	11.26												
7	0.13	2	403	0.672	2	20.33	0.407	3	14.53												
8	0.113	2	538	0.579	2	28.48	0.35	4	13.62												
9	0.1	2	694	0.508	2	37.85	0.307	5	17.42												
10	0.09	2	870.1	0.453	2	48.47	0.274	6	21.61												
11	0.0815	2	1075	0.39	2	66	0.225	6	34	2.07	1	5.139									
12	0.0745	2	1308	0.342	2	92	0.192	6	54	1.59	2	7.646									
13	0.0686	2	1563	0.305	2	121	0.168	6	77	1.24	2	10.62	0.919	1	5.986						
14	0.0635	2	1844	0.275	2	154	0.149	6	104	1.04	2	13.46	0.744	2	8.151						
15	0.0592	2	2148	0.251	2	191	0.134	6	134.5	0.897	2	16.15	0.631	3	10.49						
16	0.0553	2	2476	0.23	2	232	0.122	6	169	0.794	2	20.20	0.551	4	10.36						
17	0.052	2	2829	0.213	2	277	0.112	6	207	0.713	2	24.54	0.49	5	12.97						
18	0.049	2	3206.3	0.198	2	326.5	0.104	6	249.55	0.649	2	29.24	0.442	6	15.85						
19	0.0464	2	3610	0.185	2	381	0.0965	6	297.5	0.57	2	37	0.376	6	18.85				2.46	1	4.341
20	0.044	2	4041	0.174	2	441	0.0902	6	351	0.508	2	46	0.33	6	28				1.95	2	6.113
21	0.0418	2	4494	0.164	2	503	0.0847	6	405.5	0.471	2	55	0.304	6	33	0.31	1	8	1.84	2	6.540
22	0.0399	2	4970	0.155	2	567	0.0798	6	462	0.441	2	64	0.282	6	38.5	0.275	2	8	1.76	2	6.820
23	0.0381	2	5470	0.147	2	633	0.0755	6	521.5	0.415	2	72	0.264	6	43.5	0.25	3	8	1.69	2	6.740
24	0.0365	2	5995	0.14	2	702	0.0716	6	584.5	0.398	2	80	0.253	6	48.5	0.261	5	8.25	1.85	1	6.765
25	0.035	2	6544	0.133	2	755	0.0681	6	650.5	0.373	2	89	0.235	6	54	0.215	5	9	1.59	2	7.434
26	0.0336	2	7117	0.127	2	851	0.065	6	719.5	0.355	2	98	0.223	6	60	0.201	6	9	1.55	2	7.870
