1	0.0000e0	0.0000e0	0.0000e0	1.1055e1	0.0000e0
2	3.9265e0	1.3426e-1	2.2648e0	6.3519e0	4.9828e0
3	4.3100e1	9.4875e1	1.0579e3	4.7367e1	5.5674e1
4	5.2757e1	-1.0896e2	8.6177e2	3.9402e1	3.0902e1
5	2.5021e1	-4.5494e1	2.4422e2	2.2896e1	1.1496e1
6	1.2211e1	-1.9572e1	7.8788e1	1.3979e1	4.8936e0
7	9.3229e0	-1.2382e1	3.8293e1	1.0766e1	2.5506e0
8	3.2455e0	-3.6827e0	1.2564e1	6.5252e0	1.2236e0
9	2.4197e0	-2.4542e0	6.9091e0	5.1631e0	7.4698e-1
10	1.5985e0	-1.4453e0	3.7926e0	4.0524e0	4.7042e-1
11	3.0926e1	1.3401e2	0.0		2.7145e1	4.7809e0
12	1.5315e1	7.9717e1	0.0		1.8724e1	4.6315e0
13	7.7061e0	6.2164e1	1.6759e-9	1.4782e1	4.3677e0
14	3.9493e0	4.0300e1	1.3026e1	1.1608e1	4.9269e0
15	2.2042e0	3.1682e1	3.0569e0	9.7750e0	2.6033e0
16	1.9453e1	-1.3639e1	1.5521e2	1.6170e1	9.6229e0
17	1.9354e1	-1.5950e1	1.2815e2	1.5249e1	7.2592e0
18	8.0374e0	-5.1523e0	4.7378e1	9.1916e0	4.1634e0
19	8.3779e1	1.8351e2	9.2802e2	5.4499e1	1.3999e1
20	5.7370e1	1.2205e2	4.7508e2	4.1381e1	8.6975e0
21	5.2310e1	1.0007e2	3.6612e2	3.7395e1	6.9630e0
22	4.7514e1	8.5632e1	2.7582e2	3.3815e1	5.4681e0
23	4.3785e1	7.9145e1	2.1008e2	3.1135e1	4.2653e0
24	4.2048e1	6.3675e1	1.5903e2	2.8273e1	3.2848e0
25	3.6972e1	6.2954e1	1.2322e2	2.6140e1	2.7354e0
26	3.3849e1	5.6601e1	9.2898e1	2.3948e1	2.1617e0
